0.20532
0.20532
0.20532
0.20532
0.20532
0.20532
0.20532
0.20532
0.20532
0.20532
-0.17618
-0.17618
-0.17618
-0.17618
-0.17618
-0.17618
-0.17618
-0.17618
-0.17618
-0.17618
-0.01904
-0.01904
-0.01904
-0.01904
-0.01904
-0.01904
-0.01904
-0.01904
-0.01904
-0.01904
-0.0033
-0.0033
-0.0033
-0.0033
-0.0033
-0.0033
-0.0033
-0.0033
-0.0033
-0.0033
-0.00153
-0.00153
-0.00153
-0.00153
-0.00153
-0.00153
-0.00153
-0.00153
-0.00153
-0.00153
-35e-5
-35e-5
-35e-5
-35e-5
-35e-5
-35e-5
-35e-5
-35e-5
-35e-5
-35e-5
-89e-5
-89e-5
-89e-5
-89e-5
-89e-5
-89e-5
-89e-5
-89e-5
-89e-5
-89e-5
-53e-5
-53e-5
-53e-5
-53e-5
-53e-5
-53e-5
-53e-5
-53e-5
-53e-5
-53e-5
-33e-5
-33e-5
-33e-5
-33e-5
-33e-5
-33e-5
-33e-5
-33e-5
-33e-5
-33e-5
-66e-5
-66e-5
-66e-5
-66e-5
-66e-5
-66e-5
-66e-5
-66e-5
-66e-5
-66e-5
-63e-5
-63e-5
-63e-5
-63e-5
-63e-5
-63e-5
-63e-5
-63e-5
-63e-5
-63e-5
-31e-5
-31e-5
-31e-5
-31e-5
-31e-5
-31e-5
-31e-5
-31e-5
-31e-5
-31e-5
-57e-5
-57e-5
-57e-5
-57e-5
-57e-5
-57e-5
-57e-5
-57e-5
-57e-5
-57e-5
-56e-5
-56e-5
-56e-5
-56e-5
-56e-5
-56e-5
-56e-5
-56e-5
-56e-5
-56e-5
-44e-5
-44e-5
-44e-5
-44e-5
-44e-5
-44e-5
-44e-5
-44e-5
-44e-5
-44e-5
-44e-5
-44e-5
-44e-5
-44e-5
-44e-5
-44e-5
-44e-5
-44e-5
-44e-5
-44e-5
-56e-5
-56e-5
-56e-5
-56e-5
-56e-5
-56e-5
-56e-5
-56e-5
-56e-5
-56e-5
-57e-5
-57e-5
-57e-5
-57e-5
-57e-5
-57e-5
-57e-5
-57e-5
-57e-5
-57e-5
-31e-5
-31e-5
-31e-5
-31e-5
-31e-5
-31e-5
-31e-5
-31e-5
-31e-5
-31e-5
-63e-5
-63e-5
-63e-5
-63e-5
-63e-5
-63e-5
-63e-5
-63e-5
-63e-5
-63e-5
-66e-5
-66e-5
-66e-5
-66e-5
-66e-5
-66e-5
-66e-5
-66e-5
-66e-5
-66e-5
-33e-5
-33e-5
-33e-5
-33e-5
-33e-5
-33e-5
-33e-5
-33e-5
-33e-5
-33e-5
-53e-5
-53e-5
-53e-5
-53e-5
-53e-5
-53e-5
-53e-5
-53e-5
-53e-5
-53e-5
-89e-5
-89e-5
-89e-5
-89e-5
-89e-5
-89e-5
-89e-5
-89e-5
-89e-5
-89e-5
-35e-5
-35e-5
-35e-5
-35e-5
-35e-5
-35e-5
-35e-5
-35e-5
-35e-5
-35e-5
-0.00153
-0.00153
-0.00153
-0.00153
-0.00153
-0.00153
-0.00153
-0.00153
-0.00153
-0.00153
-0.0033
-0.0033
-0.0033
-0.0033
-0.0033
-0.0033
-0.0033
-0.0033
-0.0033
-0.0033
-0.01904
-0.01904
-0.01904
-0.01904
-0.01904
-0.01904
-0.01904
-0.01904
-0.01904
-0.01904
-0.17618
-0.17618
-0.17618
-0.17618
-0.17618
-0.17618
-0.17618
-0.17618
-0.17618
-0.17618
0.20532
0.20532
0.20532
0.20532
0.20532
0.20532
0.20532
0.20532
0.20532
0.20532
