0.2038
0.2038
0.2038
0.2038
0.2038
0.2038
0.2038
0.2038
0.2038
0.2038
-0.17812
-0.17812
-0.17812
-0.17812
-0.17812
-0.17812
-0.17812
-0.17812
-0.17812
-0.17812
-0.02065
-0.02065
-0.02065
-0.02065
-0.02065
-0.02065
-0.02065
-0.02065
-0.02065
-0.02065
-0.00329
-0.00329
-0.00329
-0.00329
-0.00329
-0.00329
-0.00329
-0.00329
-0.00329
-0.00329
-0.00173
-0.00173
-0.00173
-0.00173
-0.00173
-0.00173
-0.00173
-0.00173
-0.00173
-0.00173
-0.00173
-0.00173
-0.00173
-0.00173
-0.00173
-0.00173
-0.00173
-0.00173
-0.00173
-0.00173
-0.00329
-0.00329
-0.00329
-0.00329
-0.00329
-0.00329
-0.00329
-0.00329
-0.00329
-0.00329
-0.02065
-0.02065
-0.02065
-0.02065
-0.02065
-0.02065
-0.02065
-0.02065
-0.02065
-0.02065
-0.17812
-0.17812
-0.17812
-0.17812
-0.17812
-0.17812
-0.17812
-0.17812
-0.17812
-0.17812
0.2038
0.2038
0.2038
0.2038
0.2038
0.2038
0.2038
0.2038
0.2038
0.2038
