0.20521
0.20521
0.20521
0.20521
0.20521
0.20521
0.20521
0.20521
0.20521
0.20521
-0.17868
-0.17868
-0.17868
-0.17868
-0.17868
-0.17868
-0.17868
-0.17868
-0.17868
-0.17868
-0.02108
-0.02108
-0.02108
-0.02108
-0.02108
-0.02108
-0.02108
-0.02108
-0.02108
-0.02108
-0.00348
-0.00348
-0.00348
-0.00348
-0.00348
-0.00348
-0.00348
-0.00348
-0.00348
-0.00348
-0.00198
-0.00198
-0.00198
-0.00198
-0.00198
-0.00198
-0.00198
-0.00198
-0.00198
-0.00198
-0.00198
-0.00198
-0.00198
-0.00198
-0.00198
-0.00198
-0.00198
-0.00198
-0.00198
-0.00198
-0.00348
-0.00348
-0.00348
-0.00348
-0.00348
-0.00348
-0.00348
-0.00348
-0.00348
-0.00348
-0.02108
-0.02108
-0.02108
-0.02108
-0.02108
-0.02108
-0.02108
-0.02108
-0.02108
-0.02108
-0.17868
-0.17868
-0.17868
-0.17868
-0.17868
-0.17868
-0.17868
-0.17868
-0.17868
-0.17868
0.20521
0.20521
0.20521
0.20521
0.20521
0.20521
0.20521
0.20521
0.20521
0.20521
