0.20555
0.20555
0.20555
0.20555
0.20555
0.20555
0.20555
0.20555
0.20555
0.20555
-0.17803
-0.17803
-0.17803
-0.17803
-0.17803
-0.17803
-0.17803
-0.17803
-0.17803
-0.17803
-0.02069
-0.02069
-0.02069
-0.02069
-0.02069
-0.02069
-0.02069
-0.02069
-0.02069
-0.02069
-0.00329
-0.00329
-0.00329
-0.00329
-0.00329
-0.00329
-0.00329
-0.00329
-0.00329
-0.00329
-0.00163
-0.00163
-0.00163
-0.00163
-0.00163
-0.00163
-0.00163
-0.00163
-0.00163
-0.00163
-8e-4
-8e-4
-8e-4
-8e-4
-8e-4
-8e-4
-8e-4
-8e-4
-8e-4
-8e-4
-0.0011
-0.0011
-0.0011
-0.0011
-0.0011
-0.0011
-0.0011
-0.0011
-0.0011
-0.0011
-0.0011
-0.0011
-0.0011
-0.0011
-0.0011
-0.0011
-0.0011
-0.0011
-0.0011
-0.0011
-8e-4
-8e-4
-8e-4
-8e-4
-8e-4
-8e-4
-8e-4
-8e-4
-8e-4
-8e-4
-0.00163
-0.00163
-0.00163
-0.00163
-0.00163
-0.00163
-0.00163
-0.00163
-0.00163
-0.00163
-0.00329
-0.00329
-0.00329
-0.00329
-0.00329
-0.00329
-0.00329
-0.00329
-0.00329
-0.00329
-0.02069
-0.02069
-0.02069
-0.02069
-0.02069
-0.02069
-0.02069
-0.02069
-0.02069
-0.02069
-0.17803
-0.17803
-0.17803
-0.17803
-0.17803
-0.17803
-0.17803
-0.17803
-0.17803
-0.17803
0.20555
0.20555
0.20555
0.20555
0.20555
0.20555
0.20555
0.20555
0.20555
0.20555
