0.20495
0.20495
0.20495
0.20495
0.20495
0.20495
0.20495
0.20495
0.20495
0.20495
-0.17677
-0.17677
-0.17677
-0.17677
-0.17677
-0.17677
-0.17677
-0.17677
-0.17677
-0.17677
-0.01958
-0.01958
-0.01958
-0.01958
-0.01958
-0.01958
-0.01958
-0.01958
-0.01958
-0.01958
-0.00331
-0.00331
-0.00331
-0.00331
-0.00331
-0.00331
-0.00331
-0.00331
-0.00331
-0.00331
-0.00183
-0.00183
-0.00183
-0.00183
-0.00183
-0.00183
-0.00183
-0.00183
-0.00183
-0.00183
-85e-5
-85e-5
-85e-5
-85e-5
-85e-5
-85e-5
-85e-5
-85e-5
-85e-5
-85e-5
-91e-5
-91e-5
-91e-5
-91e-5
-91e-5
-91e-5
-91e-5
-91e-5
-91e-5
-91e-5
-91e-5
-91e-5
-91e-5
-91e-5
-91e-5
-91e-5
-91e-5
-91e-5
-91e-5
-91e-5
-79e-5
-79e-5
-79e-5
-79e-5
-79e-5
-79e-5
-79e-5
-79e-5
-79e-5
-79e-5
-79e-5
-79e-5
-79e-5
-79e-5
-79e-5
-79e-5
-79e-5
-79e-5
-79e-5
-79e-5
-91e-5
-91e-5
-91e-5
-91e-5
-91e-5
-91e-5
-91e-5
-91e-5
-91e-5
-91e-5
-91e-5
-91e-5
-91e-5
-91e-5
-91e-5
-91e-5
-91e-5
-91e-5
-91e-5
-91e-5
-85e-5
-85e-5
-85e-5
-85e-5
-85e-5
-85e-5
-85e-5
-85e-5
-85e-5
-85e-5
-0.00183
-0.00183
-0.00183
-0.00183
-0.00183
-0.00183
-0.00183
-0.00183
-0.00183
-0.00183
-0.00331
-0.00331
-0.00331
-0.00331
-0.00331
-0.00331
-0.00331
-0.00331
-0.00331
-0.00331
-0.01958
-0.01958
-0.01958
-0.01958
-0.01958
-0.01958
-0.01958
-0.01958
-0.01958
-0.01958
-0.17677
-0.17677
-0.17677
-0.17677
-0.17677
-0.17677
-0.17677
-0.17677
-0.17677
-0.17677
0.20495
0.20495
0.20495
0.20495
0.20495
0.20495
0.20495
0.20495
0.20495
0.20495
