0.2054
0.2054
0.2054
0.2054
0.2054
0.2054
0.2054
0.2054
0.2054
0.2054
-0.17687
-0.17687
-0.17687
-0.17687
-0.17687
-0.17687
-0.17687
-0.17687
-0.17687
-0.17687
-0.01967
-0.01967
-0.01967
-0.01967
-0.01967
-0.01967
-0.01967
-0.01967
-0.01967
-0.01967
-0.00313
-0.00313
-0.00313
-0.00313
-0.00313
-0.00313
-0.00313
-0.00313
-0.00313
-0.00313
-0.00163
-0.00163
-0.00163
-0.00163
-0.00163
-0.00163
-0.00163
-0.00163
-0.00163
-0.00163
-55e-5
-55e-5
-55e-5
-55e-5
-55e-5
-55e-5
-55e-5
-55e-5
-55e-5
-55e-5
-83e-5
-83e-5
-83e-5
-83e-5
-83e-5
-83e-5
-83e-5
-83e-5
-83e-5
-83e-5
-75e-5
-75e-5
-75e-5
-75e-5
-75e-5
-75e-5
-75e-5
-75e-5
-75e-5
-75e-5
-62e-5
-62e-5
-62e-5
-62e-5
-62e-5
-62e-5
-62e-5
-62e-5
-62e-5
-62e-5
-65e-5
-65e-5
-65e-5
-65e-5
-65e-5
-65e-5
-65e-5
-65e-5
-65e-5
-65e-5
-71e-5
-71e-5
-71e-5
-71e-5
-71e-5
-71e-5
-71e-5
-71e-5
-71e-5
-71e-5
-71e-5
-71e-5
-71e-5
-71e-5
-71e-5
-71e-5
-71e-5
-71e-5
-71e-5
-71e-5
-65e-5
-65e-5
-65e-5
-65e-5
-65e-5
-65e-5
-65e-5
-65e-5
-65e-5
-65e-5
-62e-5
-62e-5
-62e-5
-62e-5
-62e-5
-62e-5
-62e-5
-62e-5
-62e-5
-62e-5
-75e-5
-75e-5
-75e-5
-75e-5
-75e-5
-75e-5
-75e-5
-75e-5
-75e-5
-75e-5
-83e-5
-83e-5
-83e-5
-83e-5
-83e-5
-83e-5
-83e-5
-83e-5
-83e-5
-83e-5
-55e-5
-55e-5
-55e-5
-55e-5
-55e-5
-55e-5
-55e-5
-55e-5
-55e-5
-55e-5
-0.00163
-0.00163
-0.00163
-0.00163
-0.00163
-0.00163
-0.00163
-0.00163
-0.00163
-0.00163
-0.00313
-0.00313
-0.00313
-0.00313
-0.00313
-0.00313
-0.00313
-0.00313
-0.00313
-0.00313
-0.01967
-0.01967
-0.01967
-0.01967
-0.01967
-0.01967
-0.01967
-0.01967
-0.01967
-0.01967
-0.17687
-0.17687
-0.17687
-0.17687
-0.17687
-0.17687
-0.17687
-0.17687
-0.17687
-0.17687
0.2054
0.2054
0.2054
0.2054
0.2054
0.2054
0.2054
0.2054
0.2054
0.2054
