r Vilj                Vind                Vels                Vtot
3	158.50424086229077	-429.51960405029877	303.35325373917607	32.33789055116807
3.01	146.5495641839315	-425.2034916957358	301.426389841468	22.772462329663654
3.02	135.06618318813287	-420.9403524809156	299.51478870650595	13.640619413723243
3.03	124.03760585817176	-416.72941383816834	297.61830470884274	4.926496728846132
3.04	113.44790848826307	-412.56991640941186	295.73679390594526	-3.3852140152035304
3.05	103.28171554019923	-408.46111378307813	293.870114014089	-11.30928422878992
3.06	93.52418025071164	-404.4022722371083	292.0181243846988	-18.85996760169786
3.07	84.16096595985604	-400.39267048785325	290.18068598108295	-26.051018546914236
3.08	75.17822813196283	-396.4315994447243	288.35766135559123	-32.895709957170254
3.09	66.56259704190185	-392.5183619704441	286.54891462718217	-39.40685030136012
3.1	58.301161100536945	-388.6522726467502	284.75431145934976	-45.59680008686348
3.11	50.38145079435023	-384.83265754541037	282.9737190384767	-51.47748771258341
3.12	42.79142321524348	-381.05885400440957	281.2070060525336	-57.06042473663251
3.13	35.51944715753771	-377.33021040917794	279.45404267015675	-62.356720581483444
3.14	28.554288760120187	-373.64608597872626	277.71470052008726	-67.37709669851881
3.15	21.88509767262662	-370.0058505565657	275.98885267097097	-72.1319002129681
3.16	15.50139372538782	-366.40888440628555	274.2763736114874	-76.63111706941038
3.17	9.393054083729197	-362.85457801167684	272.5771392308328	-80.8843846971148
3.18	3.550300867982364	-359.34233188127575	270.89102679953163	-84.90100421376178
3.19	-2.036310778648703	-355.87155635722615	269.2179149505765	-88.68995218529835
3.2	-7.375904191513568	-352.4416714283424	267.55768366087614	-92.25989195897978
3.21	-12.477292271669967	-349.05210654727426	265.91021423303505	-95.61918458590918
3.22	-17.34898817454911	-345.7023004516644	264.2753892774173	-98.77589934879626
3.23	-21.999215615261253	-342.3917009892041	262.6530926945329	-101.73782390993244
3.24	-26.43591880507902	-339.1197649464859	261.0432096576993	-104.51247409386559
3.25	-30.666772033031	-335.88595788156175	259.44562659600433	-107.10710331858843
3.26	-34.699188905997296	-332.6897539601123	257.86023117754786	-109.52871168856171
3.27	-38.54033126014858	-329.5306357951407	256.2869122929537	-111.78405476233564
3.28	-42.19711775606633	-326.4080942901023	254.72556003916623	-113.87965200700245
3.29	-45.67623216938818	-323.32162848538604	253.17606570349997	-115.82179495127426
3.3	-48.98413138834836	-320.2707454080685	251.63832174796195	-117.6165550484549
3.31	-52.12705312913933	-317.2549599248553	250.11222179381608	-119.26979126017855
3.32	-55.111023379582356	-314.27379459813955	248.59766060640916	-120.78715737131276
3.33	-57.94186358118612	-311.3267795450936	247.09453408024288	-122.17410904603682
3.34	-60.62519755927288	-308.4134522997309	245.60273922427663	-123.43591063472715
3.35	-63.16645821047467	-305.5333576778556	244.12217414747502	-124.57764174085523
3.36	-65.57089395653519	-302.68604764484076	242.6527380445899	-125.60420355678605
3.37	-67.84357497300736	-299.87108118615873	241.19433118215704	-126.52032497700907
3.38	-69.98939920109858	-297.0880241806081	239.7468548847266	-127.3305684969801
3.39	-72.01309815059967	-294.33644927616126	238.31021152130836	-128.03933590545256
3.4	-73.91924250152043	-291.6159357683814	236.88430449203094	-128.6508737778709
3.41	-75.71224751176607	-288.9260694813414	235.46903821501064	-129.16927877809684
3.42	-77.39637823789889	-286.2664426509906	234.06431811342853	-129.59850277546096
3.43	-78.97575457576934	-283.63665381090664	232.6700506028092	-129.94235778386675
3.44	-80.4543561275252	-281.0363076803828	231.28614307849315	-130.20452072941484
3.45	-81.83602690127495	-278.4650150547906	229.91250390331174	-130.3885380527538
3.46	-83.1244798494273	-275.92239269817077	228.54904239544487	-130.4978301521532
3.47	-84.32330125151076	-273.4080632379941	227.19566881647216	-130.5356956730327
3.48	-85.43595494704786	-270.92165506205004	225.8522943596088	-130.50531564948912
3.49	-86.46578642385316	-268.4628022174062	224.51883113810996	-130.4097575031494
3.5	-87.41602676691811	-266.0311443113976	223.19519217386878	-130.25197890444693
3.51	-88.28979647285183	-263.6263264145958	221.8812913861738	-130.0348315012738
3.52	-89.09010913465939	-261.2479989657133	220.57704358064817	-129.7610645197245
3.53	-89.81987500146055	-258.895817678401	219.28236443834706	-129.4333282415145
3.54	-90.48190441757816	-256.56944344989404	217.997170505024	-129.0541773624482
3.55	-91.07891114526082	-254.26854227146248	216.72137918055742	-128.62607423616586
3.56	-91.61351557514288	-251.99278514063278	215.45490870853274	-128.15139200724292
3.57	-92.08824782839828	-249.74184797513269	214.19767816598977	-127.63241763754121
3.58	-92.50555075438854	-247.5154115285251	212.9496074533043	-127.0713548296093
3.59	-92.86778282747356	-245.31316130749397	211.71061728423783	-126.47032685072972
3.6	-93.177220946511	-243.1347874907418	210.48062917612353	-125.83137926112923
3.61	-93.43606314044624	-240.9799848494668	209.25956544020087	-125.1564825497122
3.62	-93.64643118326359	-238.8484526693819	208.04734917208768	-124.44753468055782
3.63	-93.81037312145358	-236.7398946742449	206.8439042423994	-123.70636355329907
3.64	-93.92986571703602	-234.65401895086177	205.64915528749364	-122.93472938040415
3.65	-94.00681680906168	-232.59053787553654	204.46302770036033	-122.13432698423787
3.66	-94.0430675964165	-230.54916804193041	203.28544762163622	-121.30678801671067
3.67	-94.04039484464434	-228.52963019030486	202.11634193075145	-120.45368310419775
3.68	-94.00051301940583	-226.5316491381137	200.95563823720298	-119.57652392031653
3.69	-93.92507634909998	-224.5549537119189	199.80326487195495	-118.6767651890639
3.7	-93.815680819078	-222.5992766805983	198.65915087895812	-117.75580662071818
3.71	-93.67386609979667	-220.66435468982138	197.5232260067911	-116.81499478282694
3.72	-93.50111741116962	-218.74992819775963	196.39542070042754	-115.85562490850171
3.73	-93.2988673252981	-216.8557414120129	195.27566609310048	-114.8789426442105
3.74	-93.0684975096783	-214.9815422277186	194.1638939983082	-113.8861457390887
3.75	-92.81134041291634	-213.1270821668238	193.06003690191102	-112.87838567782916
3.76	-92.52868089489934	-211.29211631849188	191.96402795434253	-111.85676925904866
3.77	-92.22175780330937	-209.47640328062198	190.8758009629435	-110.8223601209879
3.78	-91.8917654982966	-207.6797051024569	189.7952903843803	-109.7761802163732
3.79	-91.5398553270638	-205.90178722825655	188.72243131718702	-108.71921123813334
3.8	-91.16713705005287	-204.14241844201499	187.65715949440352	-107.65239599766431
3.81	-90.77468022036312	-202.40137081319747	186.59941127631384	-106.57663975724677
3.82	-90.36351551797564	-200.67841964347934	185.54912364328325	-105.49281151817175
3.83	-89.93463604030102	-198.9733434144631	184.5062341887038	-104.40174526606035
3.84	-89.48899855051464	-197.28592373635425	183.47068111201648	-103.30424117485242
3.85	-89.02752468509253	-195.61594529757664	182.44240321185293	-102.20106677081623
3.86	-88.55110212191204	-193.963195815307	181.4213398792468	-101.0929580579722
3.87	-88.06058571023311	-192.32746598691008	180.40743109095678	-99.98062060618639
3.88	-87.55679856382987	-190.70854944225601	179.40061740286117	-98.86473060322473
3.89	-87.04053311849886	-189.10624269690175	178.40083994346074	-97.74593587193985
3.9	-86.5125521551281	-187.5203451061187	177.4080404074525	-96.62485685379434
3.91	-85.97358978946797	-185.9506588197492	176.42216104939374	-95.50208755982342
3.92	-85.42435242970801	-184.39698873787614	175.4431446774595	-94.37819649012465
3.93	-84.86551970292403	-182.8591424672865	174.470934647269	-93.25372752294155
3.94	-84.29774535142406	-181.33693027871706	173.50547485580725	-92.1292007743339
3.95	-83.72165809998508	-179.83016506486132	172.54670973541255	-91.00511342943383
3.96	-83.13786249494048	-178.33866229912675	171.59458424785885	-89.8819405462084
3.97	-82.54693971604402	-176.86223999512472	170.6490438785034	-88.76013583266536
3.98	-81.94944836200358	-175.40071866687964	169.71003463051807	-87.64013239836515
3.99	-81.34592521054874	-173.95392128974197	168.7775030191896	-86.5223434811011
4	-80.73688595386832	-172.5216732619921	167.85139606630582	-85.4071631495546
4.01	-80.12282591022088	-171.10380236712035	166.93166129459985	-84.29496698274139
4.02	-79.50422071249933	-169.70013873677058	166.01824672227727	-83.18611272699266
4.03	-78.8815269744999	-168.31051481433377	165.11110085761024	-82.08094093122344
4.04	-78.25518293562463	-166.93476531917963	164.21017269359874	-80.97977556120554
4.05	-77.62560908471661	-165.57272721151054	163.31541170270683	-79.88292459352033
4.06	-76.99320876370932	-164.2242396578308	162.42676783165692	-78.79068058988318
4.07	-76.35836875174427	-162.8891439970149	161.5441914963012	-77.70332125245795
4.08	-75.72145983039134	-161.56728370696456	160.667633576553	-76.62110996080293
4.09	-75.08283733058363	-160.25850437184312	159.79704541137676	-75.54429629104999
4.1	-74.44284166185938	-158.9626536498757	158.9323787938569	-74.47311651787817
4.11	-73.80179882448384	-157.679581241705	158.07358596631036	-73.40779409987846
4.12	-73.16002090500223	-156.40913885929118	157.22061961547445	-72.34854014881896
4.13	-72.51780655576039	-155.15118019534452	156.3734328677521	-71.29555388335282
4.14	-71.87544145890936	-153.9055608932832	155.53197928451286	-70.2490230676797
4.15	-71.23319877539365	-152.67213851770305	154.69621285745447	-69.20912443564222
4.16	-70.59133957940614	-151.45077252535216	153.86608800402584	-68.17602410073246
4.17	-69.95011327877772	-150.24132423659793	153.04155956289986	-67.14987795247578
4.18	-69.30975802175222	-149.0436568073803	152.2225827895139	-66.13083203961864
4.19	-68.67050109058495	-147.85763520163854	151.40911335164878	-65.11902294057472
4.2	-68.0325592823861	-146.68312616420627	150.60110732507877	-64.1145781215136
4.21	-67.39613927761829	-145.5199981941619	149.7985211892646	-63.1176162825156
4.22	-66.76143799664352	-144.36812151862893	149.00131182310642	-62.12824769216601
4.23	-66.12864294470133	-143.2273680670166	148.20943650074082	-61.14657451097713
4.24	-65.49793254568876	-142.0976114456926	147.42285288739632	-60.172691103985045
4.25	-64.86947646509843	-140.97872691307842	146.64151903529913	-59.20668434287771
4.26	-64.24343592246233	-139.8705913551626	145.86539337962034	-58.248633898004584
4.27	-63.61996399363467	-138.77308326142048	145.09443473448277	-57.29861252057236
4.28	-62.9992059032388	-137.68608270113566	144.32860228901424	-56.356686315360236
4.29	-62.38129930759062	-136.60947130011405	143.56785560343937	-55.42291500426532
4.3	-61.76637456840177	-135.54313221778352	142.81215460522836	-54.49735218095694
4.31	-61.154555017556646	-134.48695012467232	142.06145958529092	-53.580045556938046
4.32	-60.545957213246425	-133.44081118025971	141.315731194212	-52.67103719929415
4.33	-59.94069118773484	-132.4046030111906	140.57493043853444	-51.77036376039101
4.34	-59.33886068702161	-131.3782146898487	139.83901867708585	-50.87805669978445
4.35	-58.74056340266091	-130.36153671328083	139.1079576173489	-49.99414249859285
4.36	-58.1458911959838	-129.35446098246675	138.381709311877	-49.118642866573566
4.37	-57.55493031496586	-128.35688078192717	137.66023615475078	-48.25157494214224
4.38	-56.96776160397188	-127.36869075966473	136.94350087807183	-47.392951485564794
4.39	-56.38446070660587	-126.38978690743141	136.2314665485104	-46.54278106552687
4.4	-55.80509826188258	-125.42006654131593	135.52409656387934	-45.70106823931917
4.41	-55.22974009393353	-124.45942828264675	134.8213546497578	-44.867813726822476
4.42	-54.65844739545149	-123.5077720392038	134.12320485615032	-44.043014578504966
4.43	-54.09127690507229	-122.56499898673323	133.42961155418848	-43.22666433761705
4.44	-53.52828107888566	-121.63101155076023	132.74053943286557	-42.41875319678033
4.45	-52.96950825626108	-120.70571338869573	132.05595349581625	-41.61926814914057
4.46	-52.415002820168105	-119.78900937222835	131.37581905812712	-40.82819313426933
4.47	-51.86480535216583	-118.88080557000026	130.70010174318963	-40.04550917897646
4.48	-51.318952782230674	-117.98100923055948	130.0287674795846	-39.27119453320557
4.49	-50.77747853358449	-117.08952876558469	129.3617824980084	-38.50522480116078
4.5	-50.24041266268254	-116.20627373337707	128.69911332823034	-37.74757306782928
4.51	-49.707781994513525	-115.33115482261532	128.04072679608257	-36.998210021046276
4.52	-49.17961025336077	-114.4640838363678	127.38659002049489	-36.25710406923368
4.53	-48.65591818916777	-113.60497367635908	126.73667041055235	-35.524221454974494
4.54	-48.13672369964777	-112.753738327485	126.09093566259092	-34.79952636454185
4.55	-47.622041948270734	-111.91029284257174	125.44935375732942	-34.08298103351305
4.56	-47.11188547826045	-111.07455332737594	124.81189295702858	-33.37454584860781
4.57	-46.60626432272605	-110.24643692582043	124.17852180268916	-32.67417944585732
4.58	-46.105186111051836	-109.42586180546208	123.54920911126882	-31.981838805245076
4.59	-45.60865617166331	-108.6127471431869	122.92392397295212	-31.297479341898068
4.6	-45.1166776312842	-107.80701311112995	122.30263574842812	-30.621054993986036
4.61	-44.629251510796706	-107.00858086281428	121.6853140662146	-29.95251830739639
4.62	-44.14637681781139	-106.21737251950663	121.07192882000669	-29.291820517311322
4.63	-43.66805063605215	-105.43331115678502	120.46245016605576	-28.638911626781407
4.64	-43.19426821165724	-104.65632079131558	119.85684852057757	-27.99374048239524
4.65	-42.72502303649396	-103.88632636783385	119.25509455718935	-27.356254847138445
4.66	-42.260306928582764	-103.1232537463284	118.65715920437742	-26.726401470533744
4.67	-41.800110109721636	-102.36702968942166	118.06301364298983	-26.104126156153455
4.68	-41.344421280400475	-101.61758184994602	117.47262930376137	-25.489373826585123
4.69	-40.89322769209272	-100.87483875871126	116.88597786486008	-24.882088585943904
4.7	-40.44651521700581	-100.1387298124598	116.30303124946981	-24.282213779995814
4.71	-40.00426841537354	-99.40918526200683	115.723761623388	-23.689692053992374
4.72	-39.56647060036746	-98.68613620056206	115.14814139265944	-23.104465408270087
4.73	-39.13310390070433	-97.96951455223078	114.57614320123614	-22.52647525169897
4.74	-38.70414932102265	-97.2592530606891	114.0077399286547	-21.955662453057045
4.75	-38.27958680010034	-96.55528527803334	113.44290468774604	-21.39196739038765
4.76	-37.859395266982034	-95.85754555379789	112.88161082237106	-20.83532999840888
4.77	-37.44355269508406	-95.16596902414037	112.32383190517659	-20.285689814047842
4.78	-37.032036154340894	-94.48049160119086	111.76954173538014	-19.742986020151605
4.79	-36.62482186145715	-93.80104996256213	111.21871433657455	-19.207157487444732
4.8	-36.22188522832561	-93.12758154101849	110.67132395456119	-18.678142814782916
4.81	-35.82320090867015	-92.46002451430031	110.1273450552041	-18.155880367766372
4.82	-35.42874284297156	-91.79831779510221	109.5867523223074	-17.64030831576636
4.83	-35.0384843017313	-91.14240102120132	109.04952065551727	-17.131364667415355
4.84	-34.65239792712698	-90.49221454573444	108.51562516824497	-16.628987304616444
4.85	-34.27045577311195	-89.84769942762006	107.98504118561483	-16.133114015117172
4.86	-33.89262934400938	-89.20879742212435	107.4577442424304	-15.643682523703333
4.87	-33.51888963164984	-88.57545097156795	106.93371008116729	-15.160630522050496
4.88	-33.14920715109957	-87.9476031961708	106.41291464998491	-14.683895697285465
4.89	-32.78355197502598	-87.32519788503353	105.89533410075974	-14.213415759299764
4.9	-32.42189376674417	-86.7081794872536	105.38094478713822	-13.74912846685956
4.91	-32.064201811988674	-86.09649310317202	104.86972326261728	-13.290971652543405
4.92	-31.71044504945062	-85.49008447575017	104.36164627863515	-12.83888324656563
4.93	-31.360592100122997	-84.88889998207476	103.85669078269096	-12.3928012995068
4.94	-31.014611295491367	-84.29288662498729	103.35483391648245	-11.952664003996205
4.95	-30.672470704609328	-83.7019920248377	102.85605301406085	-11.51840971538617
4.96	-30.334138160094803	-83.11616441135845	102.36032560000503	-11.089976971448223
4.97	-29.999581283083653	-82.53535261565885	101.86762938762168	-10.667304511120832
4.98	-29.668767507174596	-81.95950606233627	101.37794227715895	-10.250331292351916
4.99	-29.341664101399495	-81.38857476170342	100.89124235403898	-9.838996509063946
5	-29.018238192251015	-80.82250930212834	100.40750788710905	-9.433239607270309
5.01	-28.698456784799657	-80.26126084248723	99.9267173269161	-9.033000300370787
5.02	-28.382286782930358	-79.70478110472668	99.44884930399337	-8.638218583663672
5.03	-28.0696950087285	-79.15302236653429	98.97388262717013	-8.248834748092662
5.04	-27.760648221043834	-78.60593745411578	98.50179628189277	-7.864789393266847
5.05	-27.455113133259875	-78.06347973507668	98.03256942857118	-7.4860234397653755
5.06	-27.1530564302963	-77.52560311140735	97.56618140093882	-7.112478140764836
5.07	-26.854444784869504	-76.99226201256946	97.10261170442573	-6.744095093013229
5.08	-26.55924487303788	-76.46341138868203	96.64184001455958	-6.38081624716034
5.09	-26.267423389054613	-75.93900670380563	96.18384617537062	-6.0225839174896265
5.1	-25.97894705955322	-75.4190039293237	95.72861019782226	-5.669340791054651
5.11	-25.693782657087844	-74.90335953741851	95.27611225825513	-5.321029936251222
5.12	-25.411897013051114	-74.39203049464079	94.82633269684888	-4.97759481084303
5.13	-25.133257029990553	-73.8849742555717	94.37925201609296	-4.638979269469289
5.14	-24.857829693345106	-73.38214875657513	93.9348508792859	-4.30512757063434
5.15	-24.585582082621254	-72.8835124096395	93.49311010903659	-3.9759843832241586
5.16	-24.316481382029043	-72.38902409630717	93.05401068579333	-3.651494792542877
5.17	-24.050494890596347	-71.89864316169025	92.61753374637857	-3.33160430590803
5.18	-23.787590031780145	-71.41232940857165	92.18366058254331	-3.016258857808481
5.19	-23.527734362592586	-70.93004309158945	91.75237263953527	-2.7054048146467693
5.2	-23.270895582258813	-70.45174491150455	91.3236515146859	-2.3989889790774583
5.21	-23.01704154042345	-69.97739600954809	90.8974789560019	-2.0969585939696316
5.22	-22.76614024492194	-69.50695796185	90.47383686078143	-1.7992613459905158
5.23	-22.518159869132212	-69.04039277394524	90.05270727424319	-1.5058453688342723
5.24	-22.27306875892212	-68.57766287535826	89.63407238815772	-1.21665924612266
5.25	-22.030835439206786	-68.11873111426243	89.21791453951617	-0.9316520139530411
5.26	-21.791428620130812	-67.66356075221576	88.80421620918479	-0.6507731631617872
5.27	-21.5548172028884	-67.2121154589694	88.39296002059415	-0.3739726412636486
5.28	-21.320970285195227	-66.76435930734954	87.98412873843401	-0.10120085411075763
5.29	-21.089857166424725	-66.32025676821044	87.57770526736151	0.16759133272634585
5.3	-20.861447352420907	-65.87977270545795	87.17367265072009	0.43245259284122994
5.31	-20.63571056000079	-65.4428723711425	86.77201406927837	0.6934311381350824
5.32	-20.412616721156965	-65.00952140062012	86.37271283997664	0.9505747181995616
5.33	-20.19213598697242	-64.57968580778144	85.9757524146868	1.2039306199329332
5.34	-19.97423873125829	-64.15333198034568	85.58111637898385	1.4535456673798848
5.35	-19.75889555392496	-63.730426675221054	85.18878845093398	1.6994662217879721
5.36	-19.54607728409715	-63.3109370139282	84.79875247988895	1.9417381818635988
5.37	-19.33575498298266	-62.89483047808819	84.41099244529987	2.1804069842290232
5.38	-19.127899946504296	-62.4820749049713	84.02549245553642	2.415517604060824
5.39	-18.922483707704508	-62.07263848310818	83.64223674671953	2.647114555906853
5.4	-18.719478038931552	-61.666489747960924	83.26120968156808	2.8752418946755967
5.41	-18.518854953816017	-61.26359757765374	82.88239574825737	3.099943216787608
5.42	-18.320586709045635	-60.86393118876178	82.50577955928408	3.321261661476669
5.43	-18.124645805947385	-60.46746013215827	82.1313458503486	3.539239912242934
5.44	-17.931004991883892	-60.07415428891803	81.75907947924509	3.7539201984431685
5.45	-17.73963726147214	-59.68398386627675	81.38896542476351	3.9653442970146244
5.46	-17.550515857631805	-59.29691939364589	81.02098878560246	4.173553534324768
5.47	-17.363614272470258	-58.91293171868121	80.65513477929503	4.37858878814356
5.48	-17.17890624801107	-58.53199200340534	80.2913887411394	4.58049048972299
5.49	-16.996365776772798	-58.154071720382554	79.92973612314775	4.779298625992396
5.5	-16.815967102204265	-57.77914264894556	79.57016249299961	4.975052741849794
5.51	-16.63768471898263	-57.407176871473304	79.2126535330102	5.16779194255426
5.52	-16.46149337318039	-57.038146769719226	78.85719503910467	5.357554896205059
5.53	-16.28736806230669	-56.672025021188745	78.50377291980466	5.544379836309233
5.54	-16.11528403522915	-56.308784595566216	78.15237319522666	5.728304564431298
5.55	-15.945216791980776	-55.94839875118912	77.80298199608634	5.9093664529164585
5.56	-15.777142083458022	-55.590841031570164	77.45558556271672	6.087602447688539
5.57	-15.611035911014456	-55.236085261966196	77.110170244091	6.263049071110345
5.58	-15.446874525955225	-54.88410554599265	76.76672249686332	6.435742424915446
5.59	-15.284634428936663	-54.534876262283525	76.42522888440764	6.605718193187457
5.6	-15.124292369275908	-54.18837206119607	76.08567607587686	6.773011645404878
5.61	-14.965825344174837	-53.844567861559305	75.74805084526443	6.937657639530286
5.62	-14.809210597862338	-53.50343884746611	75.41234007047717	7.099690625148725
5.63	-14.654425620659163	-53.16496046510745	75.07853073242032	7.259144646653709
5.64	-14.501448147969233	-52.82910841964946	74.74660991408341	7.416053346464722
5.65	-14.350256159201264	-52.495858672151265	74.41656479964286	7.570449968290333
5.66	-14.20082787662426	-52.16518743652425	74.08838267357305	7.722367360424542
5.67	-14.053141764160394	-51.83707117653089	73.76205091975883	7.87183797906755
5.68	-13.907176526118716	-51.51148660282393	73.4375570206258	8.018893891683163
5.69	-13.76291110587308	-51.188410670024155	73.11488855627121	8.16356678037397
5.7	-13.620324684487086	-50.86782057383689	72.7940332036114	8.305887945287438
5.71	-13.47939667928963	-50.549693748206494	72.47497873552676	8.445888308030632
5.72	-13.340106742403362	-50.23400786250806	72.15771302002914	8.583598415117713
5.73	-13.202434759229295	-49.920740818775975	71.84222401942343	8.719048441418153
5.74	-13.066360846890305	-49.60987074896921	71.52849978948342	8.852268193623907
5.75	-12.931865352635764	-49.30137601227189	71.21652847864	8.983287113732345
5.76	-12.798928852210212	-48.99523519242931	70.90629832716884	9.112134282529318
5.77	-12.667532148188263	-48.69142709511895	70.59779766639306	9.238838423085852
5.78	-12.537656268278209	-48.38993074535545	70.29101491788397	9.363427904250315
5.79	-12.409282463596409	-48.0907253849296	69.9859385926858	9.485930744159788
5.8	-12.282392206914793	-47.79379046988045	69.68255729052872	9.606374613733479
5.81	-12.156967190883362	-47.49910566800028	69.38085969906611	9.72478684018246
5.82	-12.032989326229968	-47.20665085637212	69.0808345931043	9.841194410502212
5.83	-11.910440739938856	-46.91640611893891	68.78247083385513	9.955623974977364
5.84	-11.789303773410222	-46.62835174410391	68.48575736818118	10.068101850667048
5.85	-11.669560980602302	-46.34246822236288	68.19068322786013	10.178654024894954
5.86	-11.551195126157797	-46.0587362439657	67.89723752884588	10.287306158722387
5.87	-11.434189183516212	-45.77713669660913	67.60540947054533	10.394083590419982
5.88	-11.318526333013722	-45.49765066315857	67.31518833509841	10.499011338926117
5.89	-11.204189959971796	-45.22025941939917	67.02656348666277	10.602114107291797
5.9	-11.09116365277665	-44.94494443181625	66.73952437070876	10.70341628611586
5.91	-10.97943120095011	-44.67168735540352	66.45406051331868	10.80294195696505
5.92	-10.868976593213748	-44.40047003149976	66.17016152049915	10.90071489578564
5.93	-10.75978401554736	-44.13127448565297	65.88781707748612	10.996758576285785
5.94	-10.651837849243025	-43.86408292551187	65.60701694807514	11.091096173320246
5.95	-10.545122668955875	-43.598877738744115	65.32775097393746	11.183750566237464
5.96	-10.439623240752686	-43.335641490981224	65.05000907396489	11.274744342230974
5.97	-10.335324520159405	-43.07435692378934	64.7737812435964	11.364099799647661
5.98	-10.232211650208406	-42.815006952665954	64.49905755417566	11.451838951301305
5.99	-10.130269959486933	-42.55757466506206	64.22582815229491	11.537983527745915
6	-10.029484960186972	-42.30204331842922	63.954083259157606	11.622554980541416
6.01	-9.929842346157875	-42.048396338291155	63.683813169939704	11.705574485490672
6.02	-9.831327990962626	-41.79661731634017	63.41500825316005	11.787062945857258
6.03	-9.73392794593817	-41.546690008557015	63.14765895005899	11.867040995563805
6.04	-9.63762843826094	-41.29859833335501	62.88175577397702	11.94552900236107
6.05	-9.542415869018054	-41.0523263697468	62.61728930974411	12.022547070979257
6.06	-9.448276811284986	-40.80785835553491	62.354250213073534	12.098115046253639
6.07	-9.355198008210296	-40.56517868552432	62.092629209959945	12.172252516225328
6.08	-9.26316637110816	-40.324271909758	61.832417096084434	12.244978815218282
6.09	-9.172168977559105	-40.08512273177391	61.573604736225924	12.316313026892914
6.1	-9.082193069519652	-39.847716006884426	61.3161830636754	12.386273987271323
6.11	-8.993226051441278	-39.61203674047675	61.06014307965788	12.454880287739847
6.12	-8.905255488399353	-39.3780700863348	60.805475852761084	12.522150278026928
6.13	-8.818269104232328	-39.145801344981685	60.55217251836482	12.588102069150807
6.14	-8.732254779691724	-38.91521596204314	60.300224278078886	12.652753536344022
6.15	-8.647200550603356	-38.68629952663095	60.04962239918747	12.716122321953165
6.16	-8.563094606040169	-38.45903776974682	59.800358214095894	12.778225838308906
6.17	-8.479925286506933	-38.233416562705344	59.55242311978199	12.839081270569714
6.18	-8.397681082137387	-38.00942191557736	59.30580857725852	12.898705579543766
6.19	-8.316350630903896	-37.78703997565163	59.06050611103095	12.957115504475425
6.2	-8.23592271684011	-37.56625702591634	58.81650730856921	13.014327565812756
6.21	-8.156386268276849	-37.347059483558546	58.573803819780224	13.07035806794483
6.22	-8.07773035609138	-37.129433898482645	58.332387356484496	13.125223101910471
6.23	-7.9999441919704894	-36.91336695184674	58.0922496918997	13.17893854808247
6.24	-7.923017126687551	-36.6988454546172	57.853382660127615	13.23152007882286
6.25	-7.846938648393599	-36.48585634614067	57.61577815564867	13.282983161114402
6.26	-7.7716983809228655	-36.274386692733735	57.379428132814795	13.333343059158196
6.27	-7.697286082112809	-36.06442368628989	57.144324605353184	13.38261483695048
6.28	-7.623691642138825	-35.85595464290322	56.91045964587626	13.430813360834215
6.29	-7.550905081863772	-35.64896700150942	56.677825385383635	13.477953302010441
6.3	-7.478916551202451	-35.44344832254262	56.44641401278658	13.524049139041509
6.31	-7.407716327501177	-35.23938628660928	56.21621777442012	13.569115160309664
6.32	-7.337294813932486	-35.036768693177606	55.98722897357231	13.613165466462213
6.33	-7.2676425379051945	-34.8355834592834	55.75943997001099	13.656213972822393
6.34	-7.198750149489704	-34.635818618251136	55.53284317951538	13.698274411774541
6.35	-7.1306084198587705	-34.43746231843074	55.307431073414264	13.739360335124758
6.36	-7.063208239743757	-34.2405028219497	55.08319617812825	13.779485116434792
6.37	-6.9965406179063985	-34.04492850348013	54.86013107471307	13.81866195332654
6.38	-6.930596679626082	-33.8507278490207	54.638228398410014	13.85690386976323
6.39	-6.8653676652027364	-33.65788945469321	54.417480838200674	13.89422371830473
6.4	-6.800844928475339	-33.46640202555388	54.19788113636348	13.93063418233426
6.41	-6.737019935356025	-33.27625437441863	53.9794220880368	13.966147778262147
6.42	-6.6738842623797066	-33.08743542070255	53.7620965407819	14.000776857699641
6.43	-6.6114295952694455	-32.899934189273345	53.54589739415748	14.034533609614684
6.44	-6.549647727517284	-32.71373980931852	53.33081759928967	14.067430062453866
6.45	-6.488530558980727	-32.52884151322599	53.11685015844859	14.099478086241874
6.46	-6.4280700944946405	-32.345228635478065	52.90398812463422	14.130689394661509
6.47	-6.368258442498759	-32.162890611558836	52.69222460115772	14.161075547100126
6.48	-6.309087813680556	-31.981816976874278	52.48155274123119	14.190647950676357
6.49	-6.250550519633586	-31.80199736568548	52.271965747562774	14.21941786224371
6.5	-6.1926389715311085	-31.62342151005429	52.063456871949164	14.247396390363768
6.51	-6.135345678815033	-31.446079238801726	51.856019414875796	14.274594497259038
6.52	-6.078663247900066	-31.26996047647852	51.649646725126985	14.301023000748401
6.53	-6.02258438089305	-31.095055242348025	51.444332199382266	14.326692576141191
6.54	-5.967101874327314	-30.92135364938097	51.240069281836874	14.351613758128593
6.55	-5.912208617912101	-30.748845903262314	51.03685146380995	14.375796942635539
6.56	-5.857897593296822	-30.577522301409626	50.83467228336558	14.399252388659129
6.57	-5.804161872850206	-30.407373232003042	50.63352532493042	14.42199022007717
6.58	-5.7509946184541985	-30.23838917302684	50.43340421892241	14.444020427441373
6.59	-5.698389080312398	-30.070560691321994	50.234302641374576	14.465352869740187
6.6	-5.646338595773189	-29.903878441650093	50.03621431356937	14.485997276146087
6.61	-5.5948365881672055	-29.73833316576806	49.83913300167257	14.505963247737306
6.62	-5.5438765656592	-29.573915691513843	49.64305251636717	14.525260259194127
6.63	-5.493452120114126	-29.410616931902748	49.44796671250075	14.543897660483879
6.64	-5.443556925977373	-29.248427884234246	49.25386948872606	14.561884678514438
6.65	-5.394184739168998	-29.087339629209374	49.06075478714733	14.579230418768958
6.66	-5.345329395991894	-28.92734333005834	48.86861659297305	14.595943866922816
6.67	-5.296984812053725	-28.768430231678213	48.67744893416968	14.612033890437743
6.68	-5.249144981202563	-28.610591659780756	48.48724588111696	14.62750924013364
6.69	-5.2018039744760864	-28.453819020050084	48.29800154626869	14.642378551742517
6.7	-5.1549559390642	-28.298103797310166	48.10971008381311	14.656650347438749
6.71	-5.1085950972850185	-28.143437554701865	47.922365689344254	14.670333037357373
6.72	-5.062715745573984	-27.989811932869603	47.735962599522736	14.683434921079147
6.73	-5.017312253486134	-27.837218649157386	47.5504950917573	14.69596418911378
6.74	-4.972379062711274	-27.68564949681414	47.365957483869636	14.707928924344223
6.75	-4.927910686102019	-27.535096344208135	47.1823441337775	14.719337103467346
6.76	-4.883901706714485	-27.385551134050548	46.999649439174114	14.73019659840908
6.77	-4.8403467768616	-27.23700588262789	46.81786783721017	14.740515177720681
6.78	-4.797240617178865	-27.089452679043333	46.636993804182886	14.750300507960688
6.79	-4.7545780157024256	-26.942883684466683	46.45702185521847	14.759560155049364
6.8	-4.712353826959344	-26.797291131392964	46.27794654397204	14.768301585619735
6.81	-4.6705629710699075	-26.652667322909473	46.0997624623129	14.776532168333524
6.82	-4.629200432861941	-26.509004631971244	45.92246424003007	14.78425917519688
6.83	-4.588261260996893	-26.366295500684895	45.74604654452225	14.791489782840465
6.84	-4.547740567107594	-26.224532439600356	45.57050408051176	14.798231073803812
6.85	-4.507633524947568	-26.083708027010996	45.39583158973741	14.804490037778848
6.86	-4.467935369551819	-25.94381490826151	45.22202385066976	14.810273572856431
6.87	-4.428641396408879	-25.80484579506383	45.049075678219154	14.815588486746446
6.88	-4.389746960643996	-25.66679346482058	44.8769819234457	14.820441497981122
6.89	-4.351247476213419	-25.52965075995643	44.70573747327752	14.824839237107675
6.9	-4.3131384151095755	-25.393410587256966	44.53533725022765	14.828788247861105
6.91	-4.275415306577045	-25.258065917215	44.36577621211052	14.832294988318473
6.92	-4.23807373633916	-25.1236097833842	44.197049351770694	14.835365832047334
6.93	-4.201109345835204	-24.990035281740305	44.029151696801364	14.838007069225856
6.94	-4.164517831467946	-24.85733557004913	43.86207830927499	14.840224907757914
6.95	-4.128294943861532	-24.725503867242086	43.69582428547326	14.842025474369638
6.96	-4.092436487129481	-24.59453345279845	43.53038475561628	14.843414815688348
6.97	-4.056938318152755	-24.46441766613477	43.36575488359966	14.844398899312129
6.98	-4.021796345867707	-24.33514990600092	43.20192986672928	14.844983614860652
6.99	-3.9870065305638542	-24.206723629883182	43.03890493546132	14.845174775014282
7	-3.952564883191309	-24.07913235341379	42.876675353141835	14.844978116536737
7.01	-3.9184674646777413	-23.952369649787173	42.71523641575294	14.844399301288028
7.02	-3.8847103852548033	-23.826429149182804	42.554583451653805	14.843443917216199
7.03	-3.851289803793823	-23.701304538194293	42.39471182133455	14.842117479346438
7.04	-3.818201927150733	-23.576989559265066	42.235616917160975	14.840425430745178
7.05	-3.785443009520035	-23.453478010130176	42.07729416312702	14.838373143476812
7.06	-3.753009351797745	-23.330763743264345	41.919739014614116	14.835965919552024
7.07	-3.7208973009531636	-23.208840665336226	41.76294695814182	14.83320899185243
7.08	-3.6891032494094023	-23.08770273666868	41.606913511128695	14.830107525050614
7.09	-3.6576236344324693	-22.96734397070495	41.45163422165214	14.826666616514725
7.1	-3.6264549375289206	-22.847758433480863	41.297104668213564	14.822891297203782
7.11	-3.595593683851848	-22.72894024310285	41.14332045949689	14.818786532542191
7.12	-3.565036441615181	-22.61088356923167	40.990277234145054	14.814357223298202
7.13	-3.5347798215161297	-22.49358263257195	40.8379706605182	14.809608206430124
7.14	-3.5048204761656967	-22.37703170436718	40.68639643647095	14.804544255938072
7.15	-3.4751550995271563	-22.261225105900433	40.535550289122135	14.799170083694545
7.16	-3.445780426362357	-22.14615720800053	40.38542797463221	14.793490340269319
7.17	-3.416693231685774	-22.031822430553554	40.23602527797664	14.78750961573731
7.18	-3.3878903302261905	-21.918215242019805	40.0873380127248	14.781232440478803
7.19	-3.359368575895931	-21.805330158956085	39.93936202082192	14.7746632859699
7.2	-3.331124861267502	-21.69316174554315	39.79209317237112	14.767806565560466
7.21	-3.303156117057557	-21.58170461311826	39.64552736541426	14.760666635238444
7.22	-3.275459311618119	-21.47095341971301	39.49966052572233	14.7532477943912
7.23	-3.2480314504349064	-21.36090286959609	39.35448860658058	14.745554286549584
7.24	-3.2208695756326997	-21.25154771282107	39.210007588577874	14.737590300124104
7.25	-3.193970765487644	-21.142882744779055	39.066213479397945	14.729359969131245
7.26	-3.1673321339463754	-21.03490280575627	38.92310231361415	14.720867373911506
7.27	-3.1409508301519193	-20.927602780496493	38.780670152483275	14.712116541834863
7.28	-3.1148240379762013	-20.82097759776805	38.638913083739446	14.703111447995195
7.29	-3.0889489755591644	-20.715022229935755	38.497827221398886	14.693856015903968
7.3	-3.06332289485429	-20.609731692537252	38.35740870555137	14.684354118159828
7.31	-3.0379430811805714	-20.505101043864162	38.217653702169386	14.674609577124652
7.32	-3.0128068527806735	-20.40112538454753	38.07855840290781	14.664626165579605
7.33	-2.9879115603854083	-20.297799857147925	37.940119024908604	14.65440760737527
7.34	-2.963254586784209	-20.195119645749923	37.802331810609054	14.643957578074922
7.35	-2.9388333464017258	-20.093079975560826	37.6651930275495	14.633279705586947
7.36	-2.9146452848802795	-19.991676112513915	37.52869896818216	14.622377570787968
7.37	-2.8906878786682206	-19.890903362875807	37.39284594968427	14.611254708140244
7.38	-2.866958634614066	-19.790757072858046	37.25763031376971	14.599914606297599
7.39	-2.8434550895662714	-19.691232628232918	37.12304842650543	14.58836070870624
7.4	-2.8201748099786856	-19.59232545395334	36.98909667812504	14.576596414193013
7.41	-2.7971153915214804	-19.494031013776876	36.855771482849036	14.56462507755068
7.42	-2.774274458697561	-19.39634480989364	36.72306927870285	14.552450010111649
7.43	-2.751649664464341	-19.29926238255827	36.59098652733693	14.54007448031432
7.44	-2.7292386898607996	-19.202779309725894	36.45951971385126	14.527501714264563
7.45	-2.7070392436397994	-19.10689120669177	36.328665346617555	14.514734896285987
7.46	-2.685049061905506	-19.011593725735008	36.198419957102544	14.50177716946203
7.47	-2.663265907755914	-18.916882555765817	36.06878009969921	14.48863163617748
7.48	-2.6416875709303334	-18.822753421976742	35.93974235155122	14.475301358644142
7.49	-2.6203118674618744	-18.72920208549746	35.811303312384624	14.461789359425289
7.5	-2.5991366393346946	-18.636224343053225	35.683459604337195	14.448098621949274
7.51	-2.57815975414612	-18.54381602662704	35.55620787179108	14.434232091017918
7.52	-2.5573791047734273	-18.45197300312527	35.42954478120923	14.420192673310531
7.53	-2.536792609045301	-18.360691174046888	35.303467020965904	14.405983237873716
7.54	-2.5163982094178876	-18.26996647515614	35.177971301187036	14.39160661661301
7.55	-2.496193872655311	-18.179794876158677	35.05305435358617	14.37706560477218
7.56	-2.4761775895147125	-18.090172380381183	34.9287129313051	14.362362961409204
7.57	-2.4563473744356292	-18.001095024454184	34.8049438087533	14.347501409863487
7.58	-2.4367012652337103	-17.91255887799839	34.68174378144892	14.332483638216821
7.59	-2.4172373227986927	-17.824560043314197	34.55910966586598	14.317312299753091
7.6	-2.3979536307965845	-17.73709465507453	34.43703829927232	14.301990013401202
7.61	-2.37884829537598	-17.650158880020786	34.315526539582855	14.286519364186088
7.62	-2.359919444878447	-17.563748916662068	34.19457126519968	14.270902903659163
7.63	-2.34116522955296	-17.477860994977586	34.074169374865946	14.2551431503354
7.64	-2.3225838212742542	-17.392491376121967	33.95431778751152	14.2392425901153
7.65	-2.3041734132651244	-17.307636352133887	33.83501344210557	14.223203676706557
7.66	-2.2859322198225502	-17.223292245647603	33.716253297508146	14.207028832037992
7.67	-2.2678584760476	-17.13945540960743	33.59803433232434	14.19072044666931
7.68	-2.2499504375791117	-17.05612222698535	33.480353544757705	14.17428088019324
7.69	-2.232206380331009	-16.973289110501423	33.36320795246438	14.157712461631945
7.7	-2.2146246002332903	-16.890952502347126	33.24659459241339	14.141017489832972
7.71	-2.1972034129765485	-16.80910887391164	33.13051052074178	14.12419823385359
7.72	-2.1799411537600593	-16.727754725510795	33.014952812616244	14.10725693334539
7.73	-2.1628361770433084	-16.646886586118978	32.89991856208934	14.090195798927056
7.74	-2.1458868563009608	-16.566501013103778	32.785404881967025	14.073017012562286
7.75	-2.1290915837811992	-16.486594591963318	32.671408903664386	14.055722727919868
7.76	-2.1124487702673758	-16.40716393606629	32.55792777707506	14.03831507074139
7.77	-2.095956844842952	-16.328205686394742	32.4449586704314	14.020796139193703
7.78	-2.0796142546596608	-16.24971651128944	32.332498770175214	14.003168004226115
7.79	-2.0634194647088626	-16.171693106197882	32.22054528082002	13.985432709913276
7.8	-2.0473709575959997	-16.094132193424883	32.109095424822335	13.96759227380145
7.81	-2.0314672333181862	-16.017030521885694	31.998146442449578	13.949648687245698
7.82	-2.015706809044813	-15.940384866861688	31.887695591649923	13.931603915743423
7.83	-2.0000882189011726	-15.864192029758609	31.77774014792517	13.913459899265387
7.84	-1.9846100137550091	-15.788448837867055	31.668277404200346	13.895218552578282
7.85	-1.9692707610060178	-15.713152144125694	31.5593046707002	13.876881765568488
7.86	-1.9540690443782003	-15.638298826886718	31.450819274820724	13.858451403555804
7.87	-1.9390034637150475	-15.563885789683757	31.34281856100698	13.839929307608173
7.88	-1.9240726347775177	-15.489909961002079	31.235299890626855	13.821317294847258
7.89	-1.9092751890447626	-15.416368294051255	31.128260641852087	13.802617158756071
7.9	-1.8946097735175476	-15.343257766539955	31.021698209531063	13.783830669473563
7.91	-1.8800750505243795	-15.270575380453268	30.91561000507573	13.764959574098082
7.92	-1.8656696975302143	-15.198318161831994	30.809993456333473	13.746005596971266
7.93	-1.8513924069478	-15.126483160554418	30.704846007476036	13.726970439973819
7.94	-1.8372418859515542	-15.055067450120138	30.600165118876344	13.707855782804653
7.95	-1.8232168562939701	-14.984068127436162	30.495948266995843	13.688663283265711
7.96	-1.8093160541244853	-14.913482312605096	30.39219294426278	13.6693945775332
7.97	-1.7955382298108296	-14.84330714871553	30.28889665896549	13.650051280439133
7.98	-1.7818821477627547	-14.773539801634477	30.186056935130168	13.630634985732936
7.99	-1.768346586258151	-14.704177459801954	30.083671312413337	13.611147266353232
8	-1.7549303372715133	-14.635217334027617	29.981737345987497	13.591589674688368
