0.22998
0.23015
0.22975
0.22975
0.22998
0.23015
0.22998
0.22975
0.22975
0.22998
-0.19464
-0.19869
-0.19366
-0.19592
-0.19592
-0.19366
-0.19869
-0.19464
-0.19792
-0.19792
-0.02939
-0.02939
-0.02573
-0.02953
-0.0242
-0.02603
-0.02603
-0.0242
-0.02953
-0.02573
-0.0037
-0.00772
-0.0023
-0.00418
-0.00418
-0.0023
-0.00772
-0.0037
-0.00746
-0.00746
-0.00417
-0.00417
-13e-5
-0.0046
0.00125
-88e-5
-88e-5
0.00125
-0.0046
-13e-5
-13e-5
-0.0046
0.00125
-88e-5
-88e-5
0.00125
-0.0046
-13e-5
-0.00417
-0.00417
-0.00746
-0.00746
-0.00418
-0.0023
-0.00772
-0.0037
-0.0037
-0.00772
-0.0023
-0.00418
-0.02573
-0.02953
-0.0242
-0.02603
-0.02603
-0.0242
-0.02953
-0.02573
-0.02939
-0.02939
-0.19792
-0.19792
-0.19464
-0.19869
-0.19366
-0.19592
-0.19592
-0.19366
-0.19869
-0.19464
0.23015
0.23015
0.22998
0.22998
0.22975
0.22975
0.22975
0.22975
0.22998
0.22998
