0.23071
0.23088
0.23048
0.23048
0.23072
0.23088
0.23072
0.23048
0.23048
0.23071
-0.19421
-0.19823
-0.19323
-0.19548
-0.19548
-0.19323
-0.19823
-0.19421
-0.19746
-0.19746
-0.02885
-0.02885
-0.0252
-0.02901
-0.02369
-0.02553
-0.02553
-0.02369
-0.02901
-0.0252
-0.00344
-0.00749
-0.00205
-0.00394
-0.00394
-0.00205
-0.00749
-0.00344
-0.00722
-0.00722
-0.00383
-0.00383
22e-5
-0.00423
0.00163
-49e-5
-49e-5
0.00163
-0.00423
22e-5
52e-5
-0.00391
0.00196
-14e-5
-14e-5
0.00196
-0.00391
52e-5
-0.00354
-0.00354
-0.00384
-0.00384
-37e-5
0.00173
-0.00419
24e-5
24e-5
-0.00419
0.00173
-37e-5
24e-5
-0.00419
0.00173
-37e-5
-37e-5
0.00173
-0.00419
24e-5
-0.00384
-0.00384
-0.00354
-0.00354
52e-5
-0.00391
0.00196
-14e-5
-14e-5
0.00196
-0.00391
52e-5
22e-5
-0.00423
0.00163
-49e-5
-49e-5
0.00163
-0.00423
22e-5
-0.00383
-0.00383
-0.00394
-0.00205
-0.00749
-0.00344
-0.00722
-0.00722
-0.00344
-0.00749
-0.00205
-0.00394
-0.0252
-0.02901
-0.02369
-0.02553
-0.02553
-0.02369
-0.02901
-0.0252
-0.02885
-0.02885
-0.19746
-0.19746
-0.19421
-0.19823
-0.19323
-0.19548
-0.19548
-0.19323
-0.19823
-0.19421
0.23088
0.23088
0.23072
0.23071
0.23048
0.23048
0.23048
0.23048
0.23071
0.23072
