0.23037
0.23053
0.23014
0.23014
0.23036
0.23053
0.23036
0.23013
0.23013
0.23037
-0.19276
-0.1969
-0.19178
-0.19409
-0.19409
-0.19178
-0.1969
-0.19276
-0.19611
-0.19611
-0.02804
-0.02804
-0.02438
-0.02817
-0.02283
-0.02465
-0.02465
-0.02283
-0.02817
-0.02438
-0.00357
-0.00743
-0.00215
-0.00393
-0.00393
-0.00215
-0.00743
-0.00357
-0.00725
-0.00725
-0.00398
-0.00398
1e-5
-0.00431
0.00144
-6e-4
-6e-4
0.00144
-0.00431
1e-5
6e-4
-0.00386
0.00207
-5e-5
-5e-5
0.00207
-0.00386
6e-4
-0.00349
-0.00349
-0.00366
-0.00366
-16e-5
0.00189
-0.00396
39e-5
39e-5
-0.00396
0.00189
-16e-5
39e-5
-0.00387
0.0019
-1e-4
-1e-4
0.0019
-0.00387
39e-5
-0.00361
-0.00361
-0.00346
-0.00346
59e-5
-0.00377
0.00209
4e-5
4e-5
0.00209
-0.00377
59e-5
59e-5
-0.00377
0.00209
4e-5
4e-5
0.00209
-0.00377
59e-5
-0.00346
-0.00346
-1e-4
0.0019
-0.00387
39e-5
-0.00361
-0.00361
39e-5
-0.00387
0.0019
-1e-4
39e-5
-0.00396
0.00189
-16e-5
-16e-5
0.00189
-0.00396
39e-5
-0.00366
-0.00366
-0.00349
-0.00349
6e-4
-0.00386
0.00207
-5e-5
-5e-5
0.00207
-0.00386
6e-4
1e-5
-0.00431
0.00144
-6e-4
-6e-4
0.00144
-0.00431
1e-5
-0.00398
-0.00398
-0.00393
-0.00215
-0.00743
-0.00357
-0.00725
-0.00725
-0.00357
-0.00743
-0.00215
-0.00393
-0.02438
-0.02817
-0.02283
-0.02465
-0.02465
-0.02283
-0.02817
-0.02438
-0.02804
-0.02804
-0.19409
-0.19178
-0.1969
-0.19276
-0.19611
-0.19611
-0.19276
-0.1969
-0.19178
-0.19409
0.23014
0.23013
0.23037
0.23036
0.23053
0.23053
0.23036
0.23037
0.23013
0.23014
