0.23055
0.23055
0.23078
0.23096
0.23079
0.23056
0.23056
0.23096
0.23079
0.23078
-0.1942
-0.19191
-0.197
-0.1929
-0.19622
-0.19622
-0.1929
-0.197
-0.19191
-0.1942
-0.02276
-0.02459
-0.02459
-0.02276
-0.02809
-0.0243
-0.02796
-0.02796
-0.0243
-0.02809
-0.00377
-0.00194
-0.00729
-0.00335
-0.00707
-0.00707
-0.00335
-0.00729
-0.00194
-0.00377
0.00164
-42e-5
-42e-5
0.00164
-0.00413
21e-5
-0.00379
-0.00379
21e-5
-0.00413
28e-5
0.00239
-0.00352
92e-5
-0.00315
-0.00315
92e-5
-0.00352
0.00239
28e-5
0.00203
-4e-5
-0.00353
-0.00353
53e-5
-0.00385
-4e-5
0.00203
-0.00385
53e-5
1e-5
0.00204
-0.00376
55e-5
-0.00348
-0.00348
55e-5
-0.00376
0.00204
1e-5
0.00227
22e-5
22e-5
0.00227
-0.00357
77e-5
-0.00326
-0.00326
77e-5
-0.00357
2e-4
0.00228
-0.00361
78e-5
-0.00328
-0.00328
78e-5
-0.00361
0.00228
2e-4
-0.00335
-0.00335
68e-5
-0.00365
0.00217
13e-5
13e-5
0.00217
-0.00365
68e-5
13e-5
0.00217
-0.00365
68e-5
-0.00335
-0.00335
68e-5
-0.00365
0.00217
13e-5
0.00228
2e-4
2e-4
0.00228
-0.00361
78e-5
-0.00328
-0.00328
78e-5
-0.00361
22e-5
0.00227
-0.00357
77e-5
-0.00326
-0.00326
77e-5
-0.00357
0.00227
22e-5
-0.00348
-0.00348
55e-5
-0.00376
0.00204
1e-5
1e-5
0.00204
-0.00376
55e-5
-4e-5
0.00203
-0.00385
53e-5
-0.00353
-0.00353
53e-5
-0.00385
0.00203
-4e-5
-0.00315
-0.00315
92e-5
-0.00352
0.00239
28e-5
28e-5
0.00239
-0.00352
92e-5
-42e-5
0.00164
-0.00413
21e-5
-0.00379
-0.00379
21e-5
-0.00413
0.00164
-42e-5
-0.00707
-0.00707
-0.00335
-0.00729
-0.00194
-0.00377
-0.00377
-0.00194
-0.00729
-0.00335
-0.02459
-0.02276
-0.02809
-0.0243
-0.02796
-0.02796
-0.0243
-0.02809
-0.02276
-0.02459
-0.19622
-0.19622
-0.1929
-0.197
-0.19191
-0.1942
-0.1942
-0.19191
-0.197
-0.1929
0.23096
0.23096
0.23078
0.23079
0.23055
0.23056
0.23056
0.23055
0.23079
0.23078
