0.2057
0.2057
0.2057
0.2057
0.2057
0.2057
0.2057
0.2057
0.2057
0.2057
-0.17693
-0.17693
-0.17693
-0.17693
-0.17693
-0.17693
-0.17693
-0.17693
-0.17693
-0.17693
-0.01962
-0.01962
-0.01962
-0.01962
-0.01962
-0.01962
-0.01962
-0.01962
-0.01962
-0.01962
-0.00308
-0.00308
-0.00308
-0.00308
-0.00308
-0.00308
-0.00308
-0.00308
-0.00308
-0.00308
-0.00149
-0.00149
-0.00149
-0.00149
-0.00149
-0.00149
-0.00149
-0.00149
-0.00149
-0.00149
-38e-5
-38e-5
-38e-5
-38e-5
-38e-5
-38e-5
-38e-5
-38e-5
-38e-5
-38e-5
-66e-5
-66e-5
-66e-5
-66e-5
-66e-5
-66e-5
-66e-5
-66e-5
-66e-5
-66e-5
-79e-5
-79e-5
-79e-5
-79e-5
-79e-5
-79e-5
-79e-5
-79e-5
-79e-5
-79e-5
-45e-5
-45e-5
-45e-5
-45e-5
-45e-5
-45e-5
-45e-5
-45e-5
-45e-5
-45e-5
-55e-5
-55e-5
-55e-5
-55e-5
-55e-5
-55e-5
-55e-5
-55e-5
-55e-5
-55e-5
-64e-5
-64e-5
-64e-5
-64e-5
-64e-5
-64e-5
-64e-5
-64e-5
-64e-5
-64e-5
-56e-5
-56e-5
-56e-5
-56e-5
-56e-5
-56e-5
-56e-5
-56e-5
-56e-5
-56e-5
-54e-5
-54e-5
-54e-5
-54e-5
-54e-5
-54e-5
-54e-5
-54e-5
-54e-5
-54e-5
-54e-5
-54e-5
-54e-5
-54e-5
-54e-5
-54e-5
-54e-5
-54e-5
-54e-5
-54e-5
-56e-5
-56e-5
-56e-5
-56e-5
-56e-5
-56e-5
-56e-5
-56e-5
-56e-5
-56e-5
-64e-5
-64e-5
-64e-5
-64e-5
-64e-5
-64e-5
-64e-5
-64e-5
-64e-5
-64e-5
-55e-5
-55e-5
-55e-5
-55e-5
-55e-5
-55e-5
-55e-5
-55e-5
-55e-5
-55e-5
-45e-5
-45e-5
-45e-5
-45e-5
-45e-5
-45e-5
-45e-5
-45e-5
-45e-5
-45e-5
-79e-5
-79e-5
-79e-5
-79e-5
-79e-5
-79e-5
-79e-5
-79e-5
-79e-5
-79e-5
-66e-5
-66e-5
-66e-5
-66e-5
-66e-5
-66e-5
-66e-5
-66e-5
-66e-5
-66e-5
-38e-5
-38e-5
-38e-5
-38e-5
-38e-5
-38e-5
-38e-5
-38e-5
-38e-5
-38e-5
-0.00149
-0.00149
-0.00149
-0.00149
-0.00149
-0.00149
-0.00149
-0.00149
-0.00149
-0.00149
-0.00308
-0.00308
-0.00308
-0.00308
-0.00308
-0.00308
-0.00308
-0.00308
-0.00308
-0.00308
-0.01962
-0.01962
-0.01962
-0.01962
-0.01962
-0.01962
-0.01962
-0.01962
-0.01962
-0.01962
-0.17693
-0.17693
-0.17693
-0.17693
-0.17693
-0.17693
-0.17693
-0.17693
-0.17693
-0.17693
0.2057
0.2057
0.2057
0.2057
0.2057
0.2057
0.2057
0.2057
0.2057
0.2057
