0.22963
0.22963
0.22963
0.22963
0.22963
0.22963
0.22963
0.22963
0.22963
0.22963
-0.19386
-0.19386
-0.19386
-0.19386
-0.19386
-0.19386
-0.19386
-0.19386
-0.19386
-0.19386
-0.02443
-0.02443
-0.02443
-0.02443
-0.02443
-0.02443
-0.02443
-0.02443
-0.02443
-0.02443
-0.00431
-0.00431
-0.00431
-0.00431
-0.00431
-0.00431
-0.00431
-0.00431
-0.00431
-0.00431
-95e-5
-95e-5
-95e-5
-95e-5
-95e-5
-95e-5
-95e-5
-95e-5
-95e-5
-95e-5
-42e-5
-42e-5
-42e-5
-42e-5
-42e-5
-42e-5
-42e-5
-42e-5
-42e-5
-42e-5
-0.00103
-0.00103
-0.00103
-0.00103
-0.00103
-0.00103
-0.00103
-0.00103
-0.00103
-0.00103
-65e-5
-65e-5
-65e-5
-65e-5
-65e-5
-65e-5
-65e-5
-65e-5
-65e-5
-65e-5
-4e-4
-4e-4
-4e-4
-4e-4
-4e-4
-4e-4
-4e-4
-4e-4
-4e-4
-4e-4
-73e-5
-73e-5
-73e-5
-73e-5
-73e-5
-73e-5
-73e-5
-73e-5
-73e-5
-73e-5
-68e-5
-68e-5
-68e-5
-68e-5
-68e-5
-68e-5
-68e-5
-68e-5
-68e-5
-68e-5
-4e-4
-4e-4
-4e-4
-4e-4
-4e-4
-4e-4
-4e-4
-4e-4
-4e-4
-4e-4
-62e-5
-62e-5
-62e-5
-62e-5
-62e-5
-62e-5
-62e-5
-62e-5
-62e-5
-62e-5
-64e-5
-64e-5
-64e-5
-64e-5
-64e-5
-64e-5
-64e-5
-64e-5
-64e-5
-64e-5
-5e-4
-5e-4
-5e-4
-5e-4
-5e-4
-5e-4
-5e-4
-5e-4
-5e-4
-5e-4
-5e-4
-5e-4
-5e-4
-5e-4
-5e-4
-5e-4
-5e-4
-5e-4
-5e-4
-5e-4
-64e-5
-64e-5
-64e-5
-64e-5
-64e-5
-64e-5
-64e-5
-64e-5
-64e-5
-64e-5
-62e-5
-62e-5
-62e-5
-62e-5
-62e-5
-62e-5
-62e-5
-62e-5
-62e-5
-62e-5
-4e-4
-4e-4
-4e-4
-4e-4
-4e-4
-4e-4
-4e-4
-4e-4
-4e-4
-4e-4
-68e-5
-68e-5
-68e-5
-68e-5
-68e-5
-68e-5
-68e-5
-68e-5
-68e-5
-68e-5
-73e-5
-73e-5
-73e-5
-73e-5
-73e-5
-73e-5
-73e-5
-73e-5
-73e-5
-73e-5
-4e-4
-4e-4
-4e-4
-4e-4
-4e-4
-4e-4
-4e-4
-4e-4
-4e-4
-4e-4
-65e-5
-65e-5
-65e-5
-65e-5
-65e-5
-65e-5
-65e-5
-65e-5
-65e-5
-65e-5
-0.00103
-0.00103
-0.00103
-0.00103
-0.00103
-0.00103
-0.00103
-0.00103
-0.00103
-0.00103
-42e-5
-42e-5
-42e-5
-42e-5
-42e-5
-42e-5
-42e-5
-42e-5
-42e-5
-42e-5
-95e-5
-95e-5
-95e-5
-95e-5
-95e-5
-95e-5
-95e-5
-95e-5
-95e-5
-95e-5
-0.00431
-0.00431
-0.00431
-0.00431
-0.00431
-0.00431
-0.00431
-0.00431
-0.00431
-0.00431
-0.02443
-0.02443
-0.02443
-0.02443
-0.02443
-0.02443
-0.02443
-0.02443
-0.02443
-0.02443
-0.19386
-0.19386
-0.19386
-0.19386
-0.19386
-0.19386
-0.19386
-0.19386
-0.19386
-0.19386
0.22963
0.22963
0.22963
0.22963
0.22963
0.22963
0.22963
0.22963
0.22963
0.22963
