0.23107
0.23123
0.23083
0.23083
0.23106
0.23123
0.23106
0.23083
0.23083
0.23107
-0.19298
-0.19705
-0.19199
-0.19427
-0.19427
-0.19199
-0.19705
-0.19298
-0.19627
-0.19627
-0.02783
-0.02783
-0.02417
-0.02798
-0.02264
-0.02448
-0.02448
-0.02264
-0.02798
-0.02417
-0.00325
-0.00722
-0.00184
-0.00369
-0.00369
-0.00184
-0.00722
-0.00325
-0.00699
-0.00699
-0.00366
-0.00366
35e-5
-0.00403
0.00177
-31e-5
-31e-5
0.00177
-0.00403
35e-5
0.00111
-0.00333
0.00256
46e-5
46e-5
0.00256
-0.00333
0.00111
-0.00296
-0.00296
-0.00334
-0.00334
14e-5
0.00223
-0.00368
74e-5
74e-5
-0.00368
0.00223
14e-5
56e-5
-0.00378
0.00205
1e-5
1e-5
0.00205
-0.00378
56e-5
-0.00347
-0.00347
-0.00312
-0.00312
92e-5
-0.00343
0.0024
35e-5
35e-5
0.0024
-0.00343
92e-5
93e-5
-0.00347
0.00242
34e-5
34e-5
0.00242
-0.00347
93e-5
-0.00314
-0.00314
2e-4
0.00226
-0.00359
78e-5
-0.00327
-0.00327
78e-5
-0.00359
0.00226
2e-4
82e-5
-0.00351
0.0023
26e-5
26e-5
0.0023
-0.00351
82e-5
-0.00321
-0.00321
-0.00316
-0.00316
91e-5
-0.00348
0.00239
32e-5
32e-5
0.00239
-0.00348
91e-5
91e-5
-0.00348
0.00239
32e-5
32e-5
0.00239
-0.00348
91e-5
-0.00316
-0.00316
26e-5
0.0023
-0.00351
82e-5
-0.00321
-0.00321
82e-5
-0.00351
0.0023
26e-5
78e-5
-0.00359
0.00226
2e-4
2e-4
0.00226
-0.00359
78e-5
-0.00327
-0.00327
34e-5
0.00242
-0.00347
93e-5
-0.00314
-0.00314
93e-5
-0.00347
0.00242
34e-5
92e-5
-0.00343
0.0024
35e-5
35e-5
0.0024
-0.00343
92e-5
-0.00312
-0.00312
1e-5
0.00205
-0.00378
56e-5
-0.00347
-0.00347
56e-5
-0.00378
0.00205
1e-5
74e-5
-0.00368
0.00223
14e-5
14e-5
0.00223
-0.00368
74e-5
-0.00334
-0.00334
46e-5
0.00256
-0.00333
0.00111
-0.00296
-0.00296
0.00111
-0.00333
0.00256
46e-5
35e-5
-0.00403
0.00177
-31e-5
-31e-5
0.00177
-0.00403
35e-5
-0.00366
-0.00366
-0.00369
-0.00184
-0.00722
-0.00325
-0.00699
-0.00699
-0.00325
-0.00722
-0.00184
-0.00369
-0.02417
-0.02798
-0.02264
-0.02448
-0.02448
-0.02264
-0.02798
-0.02417
-0.02783
-0.02783
-0.19427
-0.19199
-0.19705
-0.19298
-0.19627
-0.19627
-0.19298
-0.19705
-0.19199
-0.19427
0.23083
0.23083
0.23107
0.23106
0.23123
0.23123
0.23106
0.23107
0.23083
0.23083
