0.20483
0.20483
0.20483
0.20483
0.20483
0.20483
0.20483
0.20483
0.20483
0.20483
-0.17838
-0.17838
-0.17838
-0.17838
-0.17838
-0.17838
-0.17838
-0.17838
-0.17838
-0.17838
-0.0211
-0.0211
-0.0211
-0.0211
-0.0211
-0.0211
-0.0211
-0.0211
-0.0211
-0.0211
-0.00339
-0.00339
-0.00339
-0.00339
-0.00339
-0.00339
-0.00339
-0.00339
-0.00339
-0.00339
-0.00196
-0.00196
-0.00196
-0.00196
-0.00196
-0.00196
-0.00196
-0.00196
-0.00196
-0.00196
-0.00196
-0.00196
-0.00196
-0.00196
-0.00196
-0.00196
-0.00196
-0.00196
-0.00196
-0.00196
-0.00339
-0.00339
-0.00339
-0.00339
-0.00339
-0.00339
-0.00339
-0.00339
-0.00339
-0.00339
-0.0211
-0.0211
-0.0211
-0.0211
-0.0211
-0.0211
-0.0211
-0.0211
-0.0211
-0.0211
-0.17838
-0.17838
-0.17838
-0.17838
-0.17838
-0.17838
-0.17838
-0.17838
-0.17838
-0.17838
0.20483
0.20483
0.20483
0.20483
0.20483
0.20483
0.20483
0.20483
0.20483
0.20483
