0.20619
0.20627
0.20601
0.20601
0.20611
0.20627
0.20611
0.20596
0.20596
0.20619
-0.17741
-0.17996
-0.177
-0.17845
-0.17845
-0.177
-0.17996
-0.17741
-0.17934
-0.17934
-0.02161
-0.02161
-0.01996
-0.02171
-0.01927
-0.02015
-0.02015
-0.01927
-0.02171
-0.01996
-0.00286
-0.00461
-0.00235
-0.00324
-0.00324
-0.00235
-0.00461
-0.00286
-0.0044
-0.0044
-0.00268
-0.00268
-0.00108
-0.00291
-54e-5
-0.00148
-0.00148
-54e-5
-0.00291
-0.00108
-13e-5
-0.00197
43e-5
-51e-5
-51e-5
43e-5
-0.00197
-13e-5
-0.00175
-0.00175
-0.00213
-0.00213
-83e-5
14e-5
-0.00234
-46e-5
-46e-5
-0.00234
14e-5
-83e-5
-46e-5
-0.00234
14e-5
-83e-5
-83e-5
14e-5
-0.00234
-46e-5
-0.00213
-0.00213
-0.00175
-0.00175
-13e-5
-0.00197
43e-5
-51e-5
-51e-5
43e-5
-0.00197
-13e-5
-0.00108
-0.00291
-54e-5
-0.00148
-0.00148
-54e-5
-0.00291
-0.00108
-0.00268
-0.00268
-0.00324
-0.00235
-0.00461
-0.00286
-0.0044
-0.0044
-0.00286
-0.00461
-0.00235
-0.00324
-0.01996
-0.02171
-0.01927
-0.02015
-0.02015
-0.01927
-0.02171
-0.01996
-0.02161
-0.02161
-0.17934
-0.17934
-0.17741
-0.17996
-0.177
-0.17845
-0.17845
-0.177
-0.17996
-0.17741
0.20627
0.20627
0.20611
0.20619
0.20596
0.20601
0.20601
0.20596
0.20619
0.20611
