0.215
0.215
0.215
0.215
0.215
0.215
0.215
0.215
0.215
0.215
-0.18051
-0.18052
-0.18052
-0.18051
-0.18051
-0.18051
-0.18051
-0.18051
-0.18051
-0.18052
-0.02743
-0.02744
-0.02743
-0.02743
-0.02744
-0.02744
-0.02745
-0.02765
-0.02749
-0.02746
-0.00465
-0.00427
-0.00383
-0.00381
-0.00379
-0.00379
-0.00379
-0.0038
-0.00381
-0.00407
-0.00136
-0.00136
-0.00135
-0.00135
-0.00136
-0.00138
-0.00214
-0.03843
-0.00232
-0.00161
0.1208
-0.04088
-0.00111
-81e-5
-78e-5
-77e-5
-78e-5
-78e-5
-87e-5
-0.00143
-0.00118
-0.00115
-0.00215
-0.0388
-0.03924
-0.00215
-0.00115
-0.00115
-0.00115
-0.00117
-0.04056
0.12042
-0.00176
-0.00124
-0.00115
-0.00115
-0.00115
-0.00115
-0.00118
-0.00148
-8e-4
-78e-5
-77e-5
-77e-5
-78e-5
-78e-5
-0.00104
-0.00172
-0.03823
-0.00154
-0.00184
-0.00226
-0.00163
-0.00136
-0.00136
-0.00135
-0.00135
-0.00135
-0.00137
-0.00137
-0.00382
-0.00386
-0.00401
-0.00381
-0.0038
-0.00379
-0.00379
-0.00379
-0.00379
-0.00379
-0.02745
-0.02743
-0.02744
-0.02744
-0.02743
-0.02743
-0.02743
-0.02743
-0.02744
-0.02744
-0.18051
-0.18051
-0.18051
-0.18051
-0.18051
-0.18051
-0.18052
-0.18051
-0.18052
-0.18051
0.215
0.215
0.215
0.215
0.215
0.215
0.215
0.215
0.215
0.215
