0.2143
0.2143
0.2143
0.2143
0.2143
0.2143
0.2143
0.2143
0.2143
0.2143
-0.18092
-0.18092
-0.18092
-0.18092
-0.18092
-0.18092
-0.18092
-0.18092
-0.18092
-0.18092
-0.0278
-0.0278
-0.0278
-0.0278
-0.0278
-0.0278
-0.0278
-0.0278
-0.0278
-0.0278
-0.00392
-0.00392
-0.00392
-0.00392
-0.00392
-0.00392
-0.00392
-0.00392
-0.00392
-0.00392
-0.00166
-0.00166
-0.00166
-0.00166
-0.00166
-0.00166
-0.00166
-0.00166
-0.00166
-0.00166
-0.00166
-0.00166
-0.00166
-0.00166
-0.00166
-0.00166
-0.00166
-0.00166
-0.00166
-0.00166
-0.00392
-0.00392
-0.00392
-0.00392
-0.00392
-0.00392
-0.00392
-0.00392
-0.00392
-0.00392
-0.0278
-0.0278
-0.0278
-0.0278
-0.0278
-0.0278
-0.0278
-0.0278
-0.0278
-0.0278
-0.18092
-0.18092
-0.18092
-0.18092
-0.18092
-0.18092
-0.18092
-0.18092
-0.18092
-0.18092
0.2143
0.2143
0.2143
0.2143
0.2143
0.2143
0.2143
0.2143
0.2143
0.2143
